Adaline
-0.5733333333333334 0.7733333333333333 1
-0.62 0.7733333333333333 1
-0.82 0.7066666666666667 1
-0.84 0.6466666666666666 1
-0.84 0.58 1
-0.8066666666666666 0.42 1
-0.7533333333333333 0.35333333333333333 1
-0.6466666666666666 0.28 1
-0.43333333333333335 0.24666666666666667 1
-0.26666666666666666 0.26666666666666666 1
-0.13333333333333333 0.6466666666666666 1
-0.19333333333333333 0.7866666666666666 1
-0.35333333333333333 0.8333333333333334 1
-0.5133333333333333 0.6466666666666666 1
-0.38666666666666666 0.49333333333333335 1
-0.24666666666666667 0.5266666666666666 1
-0.24666666666666667 0.6266666666666667 1
-0.4 0.54 1
-0.44 0.4 1
-0.6666666666666666 0.4866666666666667 1
-0.56 0.6533333333333333 1
-0.35333333333333333 0.6133333333333333 1
-0.48 0.4266666666666667 1
-0.5466666666666666 0.52 1
-0.5066666666666667 0.5866666666666667 1
0.6466666666666666 -0.22 1
0.5933333333333334 -0.22 1
0.4 -0.2 1
0.26666666666666666 -0.3 1
0.2 -0.42 1
0.22 -0.6133333333333333 1
0.25333333333333335 -0.7533333333333333 1
0.5066666666666667 -0.8333333333333334 1
0.7466666666666667 -0.78 1
0.8666666666666667 -0.6866666666666666 1
0.8733333333333333 -0.36 1
0.7066666666666667 -0.20666666666666667 1
0.47333333333333333 -0.35333333333333333 1
0.4 -0.56 1
0.6933333333333334 -0.6333333333333333 1
0.7333333333333333 -0.42 1
0.47333333333333333 -0.36666666666666664 1
0.41333333333333333 -0.48 1
0.5466666666666666 -0.5466666666666666 1
0.5133333333333333 -0.66 1
0.34 -0.5 1
0.5533333333333333 -0.3933333333333333 1
0.6 -0.41333333333333333 1
0.5933333333333334 -0.5266666666666666 1
0.7 0.7333333333333333 -1
0.4866666666666667 0.7666666666666667 -1
0.36 0.7533333333333333 -1
0.26666666666666666 0.6533333333333333 -1
0.14666666666666667 0.38 -1
0.28 0.23333333333333334 -1
0.4066666666666667 0.20666666666666667 -1
0.6666666666666666 0.19333333333333333 -1
0.8533333333333334 0.2733333333333333 -1
0.86 0.38666666666666666 -1
0.8666666666666667 0.6466666666666666 -1
0.6133333333333333 0.7066666666666667 -1
0.42 0.6533333333333333 -1
0.36 0.52 -1
0.5933333333333334 0.36 -1
0.76 0.4266666666666667 -1
0.6133333333333333 0.5866666666666667 -1
0.49333333333333335 0.43333333333333335 -1
0.44 0.2866666666666667 -1
0.31333333333333335 0.4666666666666667 -1
0.5133333333333333 0.5266666666666666 -1
0.6733333333333333 0.4266666666666667 -1
0.74 0.41333333333333333 -1
0.7533333333333333 0.5666666666666667 -1
0.22 0.5466666666666666 -1
-0.28 -0.14666666666666667 -1
-0.35333333333333333 -0.16666666666666666 -1
-0.5666666666666667 -0.19333333333333333 -1
-0.6333333333333333 -0.2733333333333333 -1
-0.6666666666666666 -0.41333333333333333 -1
-0.6266666666666667 -0.56 -1
-0.6866666666666666 -0.7266666666666667 -1
-0.8466666666666667 -0.52 -1
-0.6 -0.22 -1
-0.47333333333333333 -0.23333333333333334 -1
-0.2733333333333333 -0.36666666666666664 -1
-0.23333333333333334 -0.58 -1
-0.22666666666666666 -0.7466666666666667 -1
-0.47333333333333333 -0.86 -1
-0.74 -0.74 -1
-0.7666666666666667 -0.47333333333333333 -1
-0.72 -0.29333333333333333 -1
-0.26666666666666666 -0.18666666666666668 -1
-0.2 -0.32 -1
-0.18 -0.5066666666666667 -1
-0.22666666666666666 -0.7 -1
-0.5066666666666667 -0.6333333333333333 -1
-0.4866666666666667 -0.44666666666666666 -1
-0.49333333333333335 -0.2 -1
-0.5933333333333334 -0.47333333333333333 -1
-0.34 -0.54 -1
-0.3333333333333333 -0.5866666666666667 -1
-0.6 -0.6133333333333333 -1
-0.4666666666666667 -0.37333333333333335 -1
-0.3933333333333333 -0.3 -1
-0.4066666666666667 -0.54 -1
-0.5333333333333333 -0.62 -1
